Iteration	CPUTime	PhysTime	Travels	Value	AvValue	MinValue	MaxValue	Delta	Criteria	PrevAvRefValue	Progress	CriteriaType	CriteriaVarType	CriteriaPercentage
1	11	0	0.00739897968	0.899016058	0.899016058	0.899016058	0.899016058	0	0	0	0	0	0	3
2	13	0	0.0147979594	1.69842594	1.298721	0.899016058	1.69842594	0.399704942	0	0	0	0	0	3
3	15	0	0.022196939	2.51859584	1.70534595	0.899016058	2.51859584	0.80632989	0	0	0	0	0	3
4	17	0	0.0295959187	3.33385657	2.1124736	0.899016058	3.33385657	1.21345755	0	0	0	0	0	3
5	19	0	0.0369948984	4.13414566	2.51680802	0.899016058	4.13414566	1.61779196	0	0	0	0	0	3
6	21	0	0.0443938781	4.9270338	2.91851231	0.899016058	4.9270338	2.01949625	0	0	0	0	0	3
7	23	0	0.0517928578	5.60575383	3.30240396	0.899016058	5.60575383	2.4033879	0	0	0	0	0	3
8	25	0	0.0591918375	6.12354332	3.65504638	0.899016058	6.12354332	2.75603032	0	0	0	0	0	3
9	27	0	0.0665908171	6.56250344	3.97809716	0.899016058	6.56250344	3.07908111	0	0	0	0	0	3
10	29	0	0.0739897968	6.84939314	4.26522676	0.899016058	6.84939314	3.3662107	0	0	0	0	0	3
11	32	0	0.0813887765	6.75968731	4.4919959	0.899016058	6.84939314	3.59297984	0	0	0	0	0	3
12	34	0	0.0887877562	6.31488368	4.64390322	0.899016058	6.84939314	3.74488716	0	0	0	0	0	3
13	36	0	0.0961867359	5.80640127	4.73332614	0.899016058	6.84939314	3.83431009	0	0	0	0	0	3
14	38	0	0.103585716	5.23118641	4.76888759	0.899016058	6.84939314	3.86987153	0	0	0	0	0	3
15	40	0	0.110984695	4.67645198	4.76272522	0.899016058	6.84939314	3.86987153	0	0	0	0	0	3
16	42	0	0.118383675	4.12388324	4.72279759	0.899016058	6.84939314	3.86987153	0	0	0	0	0	3
17	44	0	0.125782655	3.59552394	4.65648738	0.899016058	6.84939314	3.86987153	0	0	0	0	0	3
18	46	0	0.133181634	3.0679885	4.56823744	0.899016058	6.84939314	3.86987153	0	0	0	0	0	3
19	48	0	0.140580614	2.53626045	4.46129128	0.899016058	6.84939314	3.86987153	0	0	0	0	0	3
20	51	0	0.147979594	2.05209311	4.34083138	0.899016058	6.84939314	3.86987153	0	0	0	0	0	3
21	53	0	0.155378573	1.67152596	4.21372159	0.899016058	6.84939314	3.86987153	0	0	0	0	0	3
22	55	0	0.162777553	1.42675221	4.08704117	0.899016058	6.84939314	3.86987153	0	0	0	0	0	3
23	57	0	0.170176533	1.26161512	3.96419656	0.899016058	6.84939314	3.86987153	0	0	0	0	0	3
24	60	0	0.177575512	1.14059722	3.84654658	0.899016058	6.84939314	3.86987153	0	0	0	0	0	3
25	62	0	0.184974492	1.02430225	3.73365681	0.899016058	6.84939314	3.86987153	0	0	0	0	0	3
26	65	0	0.192373472	0.867330973	3.62341351	0.867330973	6.84939314	3.86987153	0	0	0	0	0	3
27	68	0	0.199772451	0.69323851	3.51488851	0.69323851	6.84939314	3.86987153	0	0	0	0	0	3
28	71	0	0.207171431	0.526577616	3.40816312	0.526577616	6.84939314	3.86987153	0	0	0	0	0	3
29	73	0	0.214570411	0.390144212	3.3040935	0.390144212	6.84939314	3.86987153	0	0	0	0	0	3
30	75	0	0.22196939	0.313130168	3.20439473	0.313130168	6.84939314	3.86987153	0	0	0	0	0	3
31	77	0	0.22936837	0.288543198	3.110335	0.288543198	6.84939314	3.86987153	0	0	0	0	0	3
32	79	0	0.23676735	0.320330571	3.02314736	0.288543198	6.84939314	3.86987153	0	0	0	0	0	3
33	81	0	0.244166329	0.365477711	2.94261192	0.288543198	6.84939314	3.86987153	0	0	0	0	0	3
34	84	0	0.251565309	0.410225633	2.86812997	0.288543198	6.84939314	3.86987153	0	0	0	0	0	3
35	86	0	0.258964289	0.44684748	2.79895047	0.288543198	6.84939314	3.86987153	0	0	0	0	0	3
36	88	0	0.266363269	0.475874461	2.73442058	0.288543198	6.84939314	3.86987153	0	0	0	0	0	3
37	91	0	0.273762248	0.495604186	2.67391203	0.288543198	6.84939314	3.86987153	0	0	0	0	0	3
38	93	0	0.281161228	0.508686565	2.61693241	0.288543198	6.84939314	3.86987153	0	0	0	0	0	3
39	95	0	0.288560208	0.515498386	2.56304949	0.288543198	6.84939314	3.86987153	0	0	0	0	0	3
40	97	0	0.295959187	0.518774715	2.51194262	0.288543198	6.84939314	3.86987153	0	0	0	0	0	3
41	99	0	0.303358167	0.514475963	2.46322392	0.288543198	6.84939314	3.86987153	0	0	0	0	0	3
42	102	0	0.310757147	0.50477305	2.41659414	0.288543198	6.84939314	3.86987153	0	0	0	0	0	3
43	105	0	0.318156126	0.497525815	2.37196464	0.288543198	6.84939314	3.86987153	0	0	0	0	0	3
44	107	0	0.325555106	0.495742362	2.32932322	0.288543198	6.84939314	3.86987153	0	0	0	0	0	3
45	110	0	0.332954086	0.497237954	2.28861022	0.288543198	6.84939314	3.86987153	0	0	0	0	0	3
46	112	0	0.340353065	0.498411608	2.24969286	0.288543198	6.84939314	3.86987153	0	0	0	0	0	3
47	114	0	0.347752045	0.498482096	2.21243305	0.288543198	6.84939314	3.86987153	0	0	0	0	0	3
48	116	0	0.355151025	0.495889234	2.17667172	0.288543198	6.84939314	3.86987153	0	0	0	0	0	3
49	119	0	0.362550004	0.49137387	2.14227789	0.288543198	6.84939314	3.86987153	0	0	0	0	0	3
50	121	0	0.369948984	0.485590616	2.10914414	0.288543198	6.84939314	3.86987153	0	0	0	0	0	3
51	123	0	0.377347964	0.480730747	2.07721447	0.288543198	6.84939314	3.86987153	0	0	0	0	0	3
52	125	0	0.384746943	0.476903359	2.04643926	0.288543198	6.84939314	3.86987153	0	0	0	0	0	3
53	128	0	0.392145923	0.474460953	2.01677929	0.288543198	6.84939314	3.86987153	0	0	0	0	0	3
54	130	0	0.399544903	0.472013939	1.98817252	0.288543198	6.84939314	3.86987153	0	0	0	0	0	3
55	132	0	0.406943882	0.469939736	1.96056829	0.288543198	6.84939314	3.86987153	0	0	0	0	0	3
56	134	0	0.414342862	0.46772827	1.93391043	0.288543198	6.84939314	3.86987153	0	0	0	0	0	3
57	137	0	0.421741842	0.465715929	1.90815263	0.288543198	6.84939314	3.86987153	0	0	0	0	0	3
58	139	0	0.429140822	0.463144203	1.8832387	0.288543198	6.84939314	3.86987153	0	0	0	0	0	3
59	141	0	0.436539801	0.460326107	1.85912153	0.288543198	6.84939314	3.86987153	0	0	0	0	0	3
60	143	0	0.443938781	0.457046082	1.83575361	0.288543198	6.84939314	3.86987153	0	0	0	0	0	3
61	145	0	0.451337761	0.453684431	1.81309674	0.288543198	6.84939314	3.86987153	0	0	0	0	0	3
62	148	0	0.45873674	0.450093653	1.79111282	0.288543198	6.84939314	3.86987153	0	0	0	0	0	3
63	150	0	0.46613572	0.446694143	1.76977284	0.288543198	6.84939314	3.86987153	0	0	0	0	0	3
64	152	0	0.4735347	0.443406714	1.74904837	0.288543198	6.84939314	3.86987153	0	0	0	0	0	3
65	154	0	0.480933679	0.440511901	1.72891704	0.288543198	6.84939314	3.86987153	0	0	0	0	0	3
66	156	0	0.488332659	0.437963557	1.70935714	0.288543198	6.84939314	3.86987153	0	0	0	0	0	3
67	158	0	0.495731639	0.43557826	1.69034551	0.288543198	6.84939314	3.86987153	0	0	0	0	0	3
68	160	0	0.503130618	0.433877084	1.67186803	0.288543198	6.84939314	3.86987153	0	0	0	0	0	3
69	162	0	0.510529598	0.432173758	1.66500271	0.288543198	6.84939314	3.47016659	0	0	0	0	0	3
70	165	0	0.517928578	0.431234406	1.64636754	0.288543198	6.84939314	3.12252006	0	0	0	0	0	3
71	167	0	0.525327557	0.430556381	1.61566107	0.288543198	6.84939314	3.15322652	0	0	0	0	0	3
72	169	0	0.532726537	0.430116055	1.57295901	0.288543198	6.84939314	3.19592859	0	0	0	0	0	3
73	171	0	0.540125517	0.429233535	1.51847501	0.288543198	6.84939314	3.25041259	0	0	0	0	0	3
74	173	0	0.547524496	0.428530439	1.45232054	0.288543198	6.84939314	3.31656705	0	0	0	0	0	3
75	175	0	0.554923476	0.427848766	1.37617488	0.288543198	6.84939314	3.39271271	0	0	0	0	0	3
76	177	0	0.562322456	0.427260871	1.29240602	0.288543198	6.84939314	3.47648157	0	0	0	0	0	3
77	179	0	0.569721435	0.426278224	1.20216742	0.288543198	6.84939314	3.56672018	0	0	0	0	0	3
78	181	0	0.577120415	0.42555128	1.10769915	0.288543198	6.75968731	3.66118844	0	0	0	0	0	3
79	183	0	0.584519395	0.425008933	1.01454212	0.288543198	6.31488368	3.75434547	0	0	0	0	0	3
80	186	0	0.591918375	0.424547987	0.927919534	0.288543198	5.80640127	3.84096806	0	0	0	0	0	3
81	188	0	0.599317354	0.424201012	0.84876953	0.288543198	5.23118641	3.92011806	0	0	0	0	0	3
82	190	0	0.606716334	0.423720554	0.778071503	0.288543198	4.67645198	3.98465371	0	0	0	0	0	3
83	192	0	0.614115314	0.423445188	0.715527286	0.288543198	4.12388324	3.83534004	0	0	0	0	0	3
84	194	0	0.621514293	0.423026335	0.661102919	0.288543198	3.59552394	3.30698074	0	0	0	0	0	3
85	197	0	0.628913273	0.422385101	0.614439113	0.288543198	3.0679885	2.77944531	0	0	0	0	0	3
86	199	0	0.636312253	0.421760984	0.575524002	0.288543198	2.53626045	2.24771725	0	0	0	0	0	3
87	201	0	0.643711232	0.421018548	0.544417504	0.288543198	2.05209311	1.76354991	0	0	0	0	0	3
88	203	0	0.651110212	0.420301361	0.520420566	0.288543198	1.67152596	1.38298276	0	0	0	0	0	3
89	205	0	0.658509192	0.419714224	0.50201157	0.288543198	1.42675221	1.13820902	0	0	0	0	0	3
90	207	0	0.665908171	0.419025678	0.487192062	0.288543198	1.26161512	0.973071926	0	0	0	0	0	3
91	209	0	0.673307151	0.418254077	0.474789694	0.288543198	1.14059722	0.852054023	0	0	0	0	0	3
92	211	0	0.680706131	0.41775939	0.464159726	0.288543198	1.02430225	0.735759056	0	0	0	0	0	3
93	213	0	0.68810511	0.416986313	0.455228609	0.288543198	0.867330973	0.578787775	0	0	0	0	0	3
94	216	0	0.69550409	0.416391472	0.448597146	0.288543198	0.69323851	0.404695312	0	0	0	0	0	3
95	218	0	0.70290307	0.415931062	0.444519095	0.288543198	0.526577616	0.238034418	0	0	0	0	0	3
96	220	0	0.710302049	0.415410506	0.442884285	0.288543198	0.518774715	0.230231517	0	0	0	0	0	3
97	222	0	0.717701029	0.41482363	0.443247217	0.288543198	0.518774715	0.230231517	0	0	0	0	0	3
98	224	0	0.725100009	0.414311344	0.444735176	0.288543198	0.518774715	0.230231517	0	0	0	0	0	3
99	226	0	0.732498988	0.413832904	0.446577671	0.320330571	0.518774715	0.198444144	0	0	0	0	0	3
100	228	0	0.739897968	0.413102874	0.44794197	0.365477711	0.518774715	0.153297005	0	0	0	0	0	3
101	234	0	0.747296948	0.412527033	0.448633872	0.410225633	0.518774715	0.108549082	0	0	0	0	0	3
102	236	0	0.754695928	0.41204756	0.448660665	0.41204756	0.518774715	0.106727156	0	0	0	0	0	3
103	238	0	0.762094907	0.411111559	0.448135137	0.411111559	0.518774715	0.107663156	0	0	0	0	0	3
104	240	0	0.769493887	0.410712523	0.447176873	0.410712523	0.518774715	0.108062192	0	0	0	0	0	3
105	243	0	0.776892867	0.409939597	0.445917099	0.409939597	0.518774715	0.108835119	0	0	0	0	0	3
106	245	0	0.784291846	0.409268306	0.444455066	0.409268306	0.518774715	0.109506409	0	0	0	0	0	3
107	247	0	0.791690826	0.408785298	0.442885756	0.408785298	0.518774715	0.109989417	0	0	0	0	0	3
108	248	0	0.799089806	0.408190067	0.441259511	0.408190067	0.514475963	0.106285896	0	0	0	0	0	3
109	250	0	0.806488785	0.407931365	0.439692679	0.407931365	0.50477305	0.0968416848	0	0	0	0	0	3
110	252	0	0.813887765	0.407540505	0.438262789	0.407540505	0.498482096	0.0909415905	0	0	0	0	0	3
111	254	0	0.821286745	0.407318598	0.436936212	0.407318598	0.498482096	0.0911634976	0	0	0	0	0	3
112	256	0	0.828685724	0.407166	0.435633618	0.407166	0.498482096	0.0913160963	0	0	0	0	0	3
113	258	0	0.836084704	0.406827359	0.434304051	0.406827359	0.498482096	0.0916547368	0	0	0	0	0	3
114	260	0	0.843483684	0.406423096	0.432951279	0.406423096	0.498482096	0.0920590003	0	0	0	0	0	3
115	262	0	0.850882663	0.406166146	0.431593691	0.406166146	0.495889234	0.0897230872	0	0	0	0	0	3
116	264	0	0.858281643	0.40549638	0.430264384	0.40549638	0.49137387	0.0858774903	0	0	0	0	0	3
117	266	0	0.865680623	0.405247121	0.428997815	0.405247121	0.485590616	0.0803434953	0	0	0	0	0	3
118	267	0	0.873079602	0.404641164	0.427807381	0.404641164	0.480730747	0.0760895834	0	0	0	0	0	3
119	269	0	0.880478582	0.404191667	0.426681807	0.404191667	0.476903359	0.0727116913	0	0	0	0	0	3
120	271	0	0.887877562	0.403792888	0.425606653	0.403792888	0.474460953	0.0706680649	0	0	0	0	0	3
121	273	0	0.895276541	0.403533497	0.424563602	0.403533497	0.472013939	0.0684804414	0	0	0	0	0	3
122	275	0	0.902675521	0.403376115	0.423554222	0.403376115	0.469939736	0.0665636208	0	0	0	0	0	3
123	277	0	0.910074501	0.403342283	0.422574848	0.403342283	0.46772827	0.0643859872	0	0	0	0	0	3
124	280	0	0.91747348	0.403278565	0.421627058	0.403278565	0.465715929	0.0624373643	0	0	0	0	0	3
125	282	0	0.92487246	0.403343966	0.420709823	0.403278565	0.463144203	0.0598656377	0	0	0	0	0	3
126	284	0	0.93227144	0.403286733	0.419829566	0.403278565	0.460326107	0.0570475416	0	0	0	0	0	3
127	286	0	0.93967042	0.403545255	0.418994554	0.403278565	0.457046082	0.0537675167	0	0	0	0	0	3
128	288	0	0.947069399	0.403205005	0.418202773	0.403205005	0.453684431	0.0504794268	0	0	0	0	0	3
129	290	0	0.954468379	0.4032614	0.417461258	0.403205005	0.450093653	0.0468886483	0	0	0	0	0	3
130	292	0	0.961867359	0.403078011	0.416769852	0.403078011	0.446694143	0.043616132	0	0	0	0	0	3
131	295	0	0.969266338	0.403133401	0.416129253	0.403078011	0.443406714	0.0403287033	0	0	0	0	0	3
132	296	0	0.976665318	0.402941933	0.415534182	0.402941933	0.440511901	0.037569968	0	0	0	0	0	3
133	298	0	0.984064298	0.402882017	0.414980802	0.402882017	0.437963557	0.0350815401	0	0	0	0	0	3
134	301	0	0.991463277	0.402651302	0.414461504	0.402651302	0.43557826	0.0329269584	0	0	0	0	0	3
135	303	0	0.998862257	0.40279125	0.413979342	0.402651302	0.433877084	0.0312257815	0	0	0	0	0	3
136	304	0	1.00626124	0.40259965	0.41351938	0.40259965	0.432173758	0.0295741081	0.196825498	0	100	0	0	3
137	307	0	1.01366022	0.402813049	0.413087604	0.40259965	0.431234406	0.0286347557	0.196825498	0	100	0	0	3
138	309	0	1.0210592	0.402860223	0.412670337	0.40259965	0.430556381	0.0279567313	0.196825498	0	100	0	0	3
139	311	0	1.02845818	0.402770886	0.412261727	0.40259965	0.430116055	0.0275164047	0.196825498	0	100	0	0	3
140	314	0	1.03585716	0.402919807	0.411861782	0.40259965	0.429233535	0.0266338846	0.196825498	0	100	0	0	3
141	316	0	1.04325614	0.402959879	0.411475405	0.40259965	0.428530439	0.0259307893	0.196825498	0	100	0	0	3
142	318	0	1.05065511	0.402768746	0.411096556	0.40259965	0.427848766	0.0252491157	0.196825498	0	100	0	0	3
143	321	0	1.05805409	0.402893088	0.410729561	0.40259965	0.427260871	0.0246612214	0.196825498	0	100	0	0	3
144	323	0	1.06545307	0.402965529	0.410372277	0.40259965	0.426278224	0.023678574	0.196825498	0	100	0	0	3
145	325	0	1.07285205	0.403142554	0.410032046	0.40259965	0.42555128	0.0229516305	0.196825498	0	100	0	0	3
146	327	0	1.08025103	0.403335287	0.40970534	0.40259965	0.425008933	0.0224092833	0.196825498	0	100	0	0	3
147	329	0	1.08765001	0.403619533	0.40939079	0.40259965	0.424547987	0.0219483372	0.196825498	0	100	0	0	3
148	331	0	1.09504899	0.40389023	0.409087	0.40259965	0.424201012	0.0216013617	0.196825498	0	100	0	0	3
149	334	0	1.10244797	0.404113175	0.40879159	0.40259965	0.423720554	0.0211209037	0.196825498	0	100	0	0	3
150	336	0	1.10984695	0.404163438	0.408503986	0.40259965	0.423445188	0.020845538	0.196825498	0	100	0	0	3
151	338	0	1.11724593	0.404310166	0.408222588	0.40259965	0.423026335	0.0204266851	0.196825498	0	100	0	0	3
152	341	0	1.12464491	0.404183229	0.407945484	0.40259965	0.422385101	0.0197854506	0.196825498	0	100	0	0	3
153	343	0	1.13204389	0.404101874	0.407676613	0.40259965	0.421760984	0.0191613339	0.196825498	0	100	0	0	3
154	345	0	1.13944287	0.403970859	0.407414993	0.40259965	0.421018548	0.0184188983	0.196825498	0	100	0	0	3
155	347	0	1.14684185	0.403820613	0.407162083	0.40259965	0.420301361	0.017701711	0.196825498	0	100	0	0	3
156	349	0	1.15424083	0.403636503	0.406917011	0.40259965	0.419714224	0.0171145738	0.196825498	0	100	0	0	3
157	351	0	1.16163981	0.403654407	0.406680837	0.40259965	0.419025678	0.0164260284	0.196825498	0	100	0	0	3
158	353	0	1.16903879	0.403627358	0.406454391	0.40259965	0.418254077	0.0156544266	0.196825498	0	100	0	0	3
159	355	0	1.17643777	0.404034225	0.406245276	0.40259965	0.41775939	0.0151597399	0.196825498	0	100	0	0	3
160	357	0	1.18383675	0.404260458	0.406046762	0.40259965	0.416986313	0.014386663	0.196825498	0	100	0	0	3
161	359	0	1.19123573	0.404624305	0.405864968	0.40259965	0.416391472	0.0137918223	0.196825498	0	100	0	0	3
162	361	0	1.19863471	0.40456652	0.405691072	0.40259965	0.415931062	0.0133314116	0.196825498	0	100	0	0	3
163	363	0	1.20603369	0.404483536	0.405522726	0.40259965	0.415410506	0.0128108557	0.196825498	0	100	0	0	3
164	364	0	1.21343267	0.404275935	0.405358982	0.40259965	0.41482363	0.0122239795	0.196825498	0	100	0	0	3
165	366	0	1.22083165	0.404097992	0.405201252	0.40259965	0.414311344	0.0117116943	0.196825498	0	100	0	0	3
166	368	0	1.22823063	0.403657837	0.405044583	0.40259965	0.413832904	0.0112332539	0.196825498	0	100	0	0	3
167	370	0	1.23562961	0.403548813	0.404893346	0.40259965	0.413102874	0.0105032235	0.196825498	0	100	0	0	3
168	372	0	1.24302859	0.403314329	0.404749397	0.40259965	0.412527033	0.00992738315	0.196825498	0	100	0	0	3
169	374	0	1.25042757	0.403212203	0.404612414	0.40259965	0.41204756	0.00944790976	0.196825498	0	100	0	0	3
170	376	0	1.25782655	0.40302488	0.404479728	0.40259965	0.411111559	0.00851190912	0.196825498	0	100	0	0	3
171	378	0	1.26522553	0.403014772	0.404360657	0.40259965	0.410712523	0.00811287299	0.196825498	0	100	0	0	3
172	380	0	1.27262451	0.40287861	0.404245453	0.40259965	0.409939597	0.00733994676	0.196825498	0	100	0	0	3
173	382	0	1.28002348	0.403028184	0.404143814	0.40259965	0.409268306	0.00666865608	0.196825498	0	100	0	0	3
174	384	0	1.28742246	0.402981171	0.404051357	0.40259965	0.408785298	0.00618564851	0.196825498	0	100	0	0	3
175	386	0	1.29482144	0.403145792	0.403968423	0.40259965	0.408190067	0.00559041732	0.196825498	0	100	0	0	3
176	388	0	1.30222042	0.403063128	0.403893026	0.40259965	0.407931365	0.00533171486	0.196825498	0	100	0	0	3
177	391	0	1.3096194	0.403171101	0.403823023	0.40259965	0.407540505	0.00494085549	0.196825498	0	100	0	0	3
178	393	0	1.31701838	0.403107418	0.40375783	0.40259965	0.407318598	0.00471894832	0.196825498	0	100	0	0	3
179	395	0	1.32441736	0.403323699	0.403699082	0.40259965	0.407166	0.00456634964	0.196825498	0	100	0	0	3
180	397	0	1.33181634	0.403211031	0.40364092	0.40259965	0.406827359	0.00422770913	0.196825498	0	100	0	0	3
181	399	0	1.33921532	0.403240268	0.403588169	0.40259965	0.406423096	0.00382344571	0.196825498	0	100	0	0	3
182	401	0	1.3466143	0.40310895	0.403539431	0.40259965	0.406166146	0.00356649642	0.196825498	0	100	0	0	3
183	403	0	1.35401328	0.403119285	0.403494625	0.40259965	0.40549638	0.00289673013	0.196825498	0	100	0	0	3
184	405	0	1.36141226	0.402947417	0.40345714	0.40259965	0.405247121	0.00264747082	0.196825498	0	100	0	0	3
185	407	0	1.36881124	0.403080698	0.403425281	0.40259965	0.404641164	0.00204151391	0.196825498	0	100	0	0	3
186	409	0	1.37621022	0.402846034	0.403398882	0.40259965	0.404624305	0.00202465543	0.196825498	0	100	0	0	3
187	411	0	1.3836092	0.402938654	0.403380455	0.40259965	0.404624305	0.00202465543	0.196825498	0	100	0	0	3
188	413	0	1.39100818	0.402792986	0.403365751	0.40259965	0.404624305	0.00202465543	0.196825498	0	100	0	0	3
189	415	0	1.39840716	0.402818401	0.403355235	0.40259965	0.404624305	0.00202465543	0.196825498	0	100	0	0	3
190	417	0	1.40580614	0.40262115	0.403344132	0.40259965	0.404624305	0.00202465543	0.196825498	0	100	0	0	3
