Iteration	CPUTime	PhysTime	Travels	Value	AvValue	MinValue	MaxValue	Delta	Criteria	PrevAvRefValue	Progress	CriteriaType	CriteriaVarType	CriteriaPercentage
1	11	0	0.00739897968	293.204583	293.204583	293.204583	293.204583	0	0	0	0	0	0	3
2	13	0	0.0147979594	293.210537	293.20756	293.204583	293.210537	0.00297721142	0	0	0	0	0	3
3	15	0	0.022196939	293.217144	293.210755	293.204583	293.217144	0.00617198771	0	0	0	0	0	3
4	17	0	0.0295959187	293.223798	293.214016	293.204583	293.223798	0.0094328171	0	0	0	0	0	3
5	19	0	0.0369948984	293.230697	293.217352	293.204583	293.230697	0.0127690793	0	0	0	0	0	3
6	21	0	0.0443938781	293.243902	293.221777	293.204583	293.243902	0.0171940404	0	0	0	0	0	3
7	23	0	0.0517928578	293.260359	293.227288	293.204583	293.260359	0.0227057592	0	0	0	0	0	3
8	25	0	0.0591918375	293.278609	293.233704	293.204583	293.278609	0.0291208258	0	0	0	0	0	3
9	27	0	0.0665908171	293.299631	293.241029	293.204583	293.299631	0.0364460729	0	0	0	0	0	3
10	29	0	0.0739897968	293.32406	293.249332	293.204583	293.32406	0.0447491747	0	0	0	0	0	3
11	32	0	0.0813887765	293.361822	293.259558	293.204583	293.361822	0.0549755826	0	0	0	0	0	3
12	34	0	0.0887877562	293.397539	293.271057	293.204583	293.397539	0.0664739744	0	0	0	0	0	3
13	36	0	0.0961867359	293.430475	293.28332	293.204583	293.430475	0.0787369307	0	0	0	0	0	3
14	38	0	0.103585716	293.459923	293.295934	293.204583	293.459923	0.0913514348	0	0	0	0	0	3
15	40	0	0.110984695	293.480785	293.308258	293.204583	293.480785	0.103674832	0	0	0	0	0	3
16	42	0	0.118383675	293.48584	293.319356	293.204583	293.48584	0.114773731	0	0	0	0	0	3
17	44	0	0.125782655	293.464542	293.327897	293.204583	293.48584	0.123314078	0	0	0	0	0	3
18	46	0	0.133181634	293.424515	293.333264	293.204583	293.48584	0.128681729	0	0	0	0	0	3
19	48	0	0.140580614	293.376129	293.335521	293.204583	293.48584	0.130937781	0	0	0	0	0	3
20	51	0	0.147979594	293.330105	293.33525	293.204583	293.48584	0.130937781	0	0	0	0	0	3
21	53	0	0.155378573	293.28523	293.332868	293.204583	293.48584	0.130937781	0	0	0	0	0	3
22	55	0	0.162777553	293.273805	293.330183	293.204583	293.48584	0.130937781	0	0	0	0	0	3
23	57	0	0.170176533	293.285151	293.328225	293.204583	293.48584	0.130937781	0	0	0	0	0	3
24	60	0	0.177575512	293.306715	293.327329	293.204583	293.48584	0.130937781	0	0	0	0	0	3
25	62	0	0.184974492	293.330937	293.327473	293.204583	293.48584	0.130937781	0	0	0	0	0	3
26	65	0	0.192373472	293.375417	293.329317	293.204583	293.48584	0.130937781	0	0	0	0	0	3
27	68	0	0.199772451	293.41137	293.332356	293.204583	293.48584	0.130937781	0	0	0	0	0	3
28	71	0	0.207171431	293.43796	293.336128	293.204583	293.48584	0.131545106	0	0	0	0	0	3
29	73	0	0.214570411	293.453859	293.340188	293.204583	293.48584	0.135604795	0	0	0	0	0	3
30	75	0	0.22196939	293.457081	293.344084	293.204583	293.48584	0.139501245	0	0	0	0	0	3
31	77	0	0.22936837	293.441152	293.347215	293.204583	293.48584	0.142632469	0	0	0	0	0	3
32	79	0	0.23676735	293.413961	293.349301	293.204583	293.48584	0.144718263	0	0	0	0	0	3
33	81	0	0.244166329	293.388412	293.350486	293.204583	293.48584	0.145903436	0	0	0	0	0	3
34	84	0	0.251565309	293.371865	293.351115	293.204583	293.48584	0.146532215	0	0	0	0	0	3
35	86	0	0.258964289	293.36546	293.351525	293.204583	293.48584	0.146942066	0	0	0	0	0	3
36	88	0	0.266363269	293.365815	293.351922	293.204583	293.48584	0.147339026	0	0	0	0	0	3
37	91	0	0.273762248	293.373502	293.352505	293.204583	293.48584	0.147922271	0	0	0	0	0	3
38	93	0	0.281161228	293.382225	293.353287	293.204583	293.48584	0.148704364	0	0	0	0	0	3
39	95	0	0.288560208	293.388431	293.354188	293.204583	293.48584	0.149605478	0	0	0	0	0	3
40	97	0	0.295959187	293.390665	293.3551	293.204583	293.48584	0.150517409	0	0	0	0	0	3
41	99	0	0.303358167	293.388512	293.355915	293.204583	293.48584	0.151332337	0	0	0	0	0	3
42	102	0	0.310757147	293.383448	293.356571	293.204583	293.48584	0.151987877	0	0	0	0	0	3
43	105	0	0.318156126	293.377736	293.357063	293.204583	293.48584	0.152480098	0	0	0	0	0	3
44	107	0	0.325555106	293.373088	293.357427	293.204583	293.48584	0.152844313	0	0	0	0	0	3
45	110	0	0.332954086	293.370529	293.357718	293.204583	293.48584	0.153135477	0	0	0	0	0	3
46	112	0	0.340353065	293.370077	293.357987	293.204583	293.48584	0.153404141	0	0	0	0	0	3
47	114	0	0.347752045	293.371628	293.358277	293.204583	293.48584	0.153694387	0	0	0	0	0	3
48	116	0	0.355151025	293.374554	293.358616	293.204583	293.48584	0.154033481	0	0	0	0	0	3
49	119	0	0.362550004	293.37873	293.359027	293.204583	293.48584	0.154443968	0	0	0	0	0	3
50	121	0	0.369948984	293.383855	293.359523	293.204583	293.48584	0.154940536	0	0	0	0	0	3
51	123	0	0.377347964	293.389844	293.360118	293.204583	293.48584	0.155535066	0	0	0	0	0	3
52	125	0	0.384746943	293.39635	293.360815	293.204583	293.48584	0.15623184	0	0	0	0	0	3
53	128	0	0.392145923	293.402986	293.36161	293.204583	293.48584	0.157027521	0	0	0	0	0	3
54	130	0	0.399544903	293.409877	293.362504	293.204583	293.48584	0.157921358	0	0	0	0	0	3
55	132	0	0.406943882	293.416649	293.363489	293.204583	293.48584	0.158905802	0	0	0	0	0	3
56	134	0	0.414342862	293.422899	293.364549	293.204583	293.48584	0.159966712	0	0	0	0	0	3
57	137	0	0.421741842	293.42835	293.365669	293.204583	293.48584	0.161086021	0	0	0	0	0	3
58	139	0	0.429140822	293.433419	293.366837	293.204583	293.48584	0.162254135	0	0	0	0	0	3
59	141	0	0.436539801	293.437566	293.368036	293.204583	293.48584	0.163452936	0	0	0	0	0	3
60	143	0	0.443938781	293.441084	293.369253	293.204583	293.48584	0.164670414	0	0	0	0	0	3
61	145	0	0.451337761	293.443813	293.370475	293.204583	293.48584	0.165892711	0	0	0	0	0	3
62	148	0	0.45873674	293.44578	293.37169	293.204583	293.48584	0.167107292	0	0	0	0	0	3
63	150	0	0.46613572	293.447217	293.372889	293.204583	293.48584	0.168306138	0	0	0	0	0	3
64	152	0	0.4735347	293.448031	293.374063	293.204583	293.48584	0.169480229	0	0	0	0	0	3
65	154	0	0.480933679	293.448518	293.375208	293.204583	293.48584	0.170625689	0	0	0	0	0	3
66	156	0	0.488332659	293.44856	293.37632	293.204583	293.48584	0.171737078	0	0	0	0	0	3
67	158	0	0.495731639	293.448359	293.377395	293.204583	293.48584	0.172812284	0	0	0	0	0	3
68	160	0	0.503130618	293.44793	293.378432	293.204583	293.48584	0.173849558	0	0	0	0	0	3
69	162	0	0.510529598	293.447614	293.382006	293.210537	293.48584	0.174446332	0	0	0	0	0	3
70	165	0	0.517928578	293.447067	293.385485	293.217144	293.48584	0.17472993	0	0	0	0	0	3
71	167	0	0.525327557	293.446716	293.388861	293.223798	293.48584	0.174845152	0	0	0	0	0	3
72	169	0	0.532726537	293.44643	293.392135	293.230697	293.48584	0.174782895	0	0	0	0	0	3
73	171	0	0.540125517	293.446346	293.395306	293.243902	293.48584	0.173529242	0	0	0	0	0	3
74	173	0	0.547524496	293.446246	293.398282	293.260359	293.48584	0.170993181	0	0	0	0	0	3
75	175	0	0.554923476	293.446412	293.401018	293.273805	293.48584	0.167314196	0	0	0	0	0	3
76	177	0	0.562322456	293.446507	293.403487	293.273805	293.48584	0.162458042	0	0	0	0	0	3
77	179	0	0.569721435	293.446759	293.40565	293.273805	293.48584	0.156318586	0	0	0	0	0	3
78	181	0	0.577120415	293.446995	293.407458	293.273805	293.48584	0.147900044	0	0	0	0	0	3
79	183	0	0.584519395	293.447381	293.408717	293.273805	293.48584	0.137659863	0	0	0	0	0	3
80	186	0	0.591918375	293.447633	293.409453	293.273805	293.48584	0.126133581	0	0	0	0	0	3
81	188	0	0.599317354	293.447964	293.40971	293.273805	293.48584	0.113776264	0	0	0	0	0	3
82	190	0	0.606716334	293.448089	293.409536	293.273805	293.48584	0.101452866	0	0	0	0	0	3
83	192	0	0.614115314	293.448322	293.409059	293.273805	293.48584	0.0903539683	0	0	0	0	0	3
84	194	0	0.621514293	293.448399	293.408508	293.273805	293.464542	0.0823814177	0	0	0	0	0	3
85	197	0	0.628913273	293.448519	293.408273	293.273805	293.457081	0.0823814177	0	0	0	0	0	3
86	199	0	0.636312253	293.448611	293.408627	293.273805	293.457081	0.0823814177	0	0	0	0	0	3
87	201	0	0.643711232	293.448857	293.409697	293.273805	293.457081	0.0823814177	0	0	0	0	0	3
88	203	0	0.651110212	293.449005	293.411445	293.273805	293.457081	0.0841161679	0	0	0	0	0	3
89	205	0	0.658509192	293.449315	293.413858	293.273805	293.457081	0.0865291786	0	0	0	0	0	3
90	207	0	0.665908171	293.44959	293.416443	293.285151	293.457081	0.0891142561	0	0	0	0	0	3
91	209	0	0.673307151	293.450038	293.418868	293.306715	293.457081	0.0915390685	0	0	0	0	0	3
92	211	0	0.680706131	293.450434	293.420982	293.330937	293.457081	0.0935082589	0	0	0	0	0	3
93	213	0	0.68810511	293.451045	293.422748	293.36546	293.457081	0.0916213118	0	0	0	0	0	3
94	216	0	0.69550409	293.451577	293.423868	293.36546	293.457081	0.0915115965	0	0	0	0	0	3
95	218	0	0.70290307	293.452278	293.424469	293.36546	293.457081	0.0883416414	0	0	0	0	0	3
96	220	0	0.710302049	293.452899	293.424689	293.36546	293.457081	0.0845016513	0	0	0	0	0	3
97	222	0	0.717701029	293.453702	293.424687	293.36546	293.457081	0.0806052012	0	0	0	0	0	3
98	224	0	0.725100009	293.454416	293.424648	293.36546	293.454416	0.0774739765	0	0	0	0	0	3
99	226	0	0.732498988	293.455251	293.424855	293.36546	293.455251	0.0755540341	0	0	0	0	0	3
100	228	0	0.739897968	293.455947	293.425472	293.36546	293.455947	0.0749863093	0	0	0	0	0	3
101	234	0	0.747296948	293.456758	293.426478	293.36546	293.456758	0.0753626266	0	0	0	0	0	3
102	236	0	0.754695928	293.457434	293.427736	293.36546	293.457434	0.0762111522	0	0	0	0	0	3
103	238	0	0.762094907	293.458182	293.4291	293.365815	293.458182	0.0771777607	0	0	0	0	0	3
104	240	0	0.769493887	293.458838	293.430468	293.370077	293.458838	0.0779625004	0	0	0	0	0	3
105	243	0	0.776892867	293.459613	293.431734	293.370077	293.459613	0.0784467494	0	0	0	0	0	3
106	245	0	0.784291846	293.460266	293.432882	293.370077	293.460266	0.0786932969	0	0	0	0	0	3
107	247	0	0.791690826	293.461069	293.43395	293.370077	293.461069	0.078849575	0	0	0	0	0	3
108	248	0	0.799089806	293.461737	293.434995	293.370077	293.461737	0.0790798145	0	0	0	0	0	3
109	250	0	0.806488785	293.462542	293.436084	293.370077	293.462542	0.079512952	0	0	0	0	0	3
110	252	0	0.813887765	293.4632	293.437256	293.370077	293.4632	0.0801935607	0	0	0	0	0	3
111	254	0	0.821286745	293.463953	293.438524	293.370077	293.463953	0.0810972462	0	0	0	0	0	3
112	256	0	0.828685724	293.464543	293.439869	293.370077	293.464543	0.0821509971	0	0	0	0	0	3
113	258	0	0.836084704	293.465211	293.441262	293.370077	293.465211	0.083274704	0	0	0	0	0	3
114	260	0	0.843483684	293.465725	293.442668	293.371628	293.465725	0.0843910511	0	0	0	0	0	3
115	262	0	0.850882663	293.466393	293.444062	293.374554	293.466393	0.0854455569	0	0	0	0	0	3
116	264	0	0.858281643	293.466883	293.44542	293.37873	293.466883	0.0863928617	0	0	0	0	0	3
117	266	0	0.865680623	293.467569	293.446726	293.383855	293.467569	0.0837137743	0	0	0	0	0	3
118	267	0	0.873079602	293.468141	293.447966	293.389844	293.468141	0.0782971196	0	0	0	0	0	3
119	269	0	0.880478582	293.468846	293.449127	293.39635	293.468846	0.0724962052	0	0	0	0	0	3
120	271	0	0.887877562	293.469479	293.450203	293.402986	293.469479	0.0664928971	0	0	0	0	0	3
121	273	0	0.895276541	293.470289	293.451192	293.409877	293.470289	0.0604118368	0	0	0	0	0	3
122	275	0	0.902675521	293.471043	293.452092	293.416649	293.471043	0.0543940214	0	0	0	0	0	3
123	277	0	0.910074501	293.471868	293.452904	293.422899	293.471868	0.0489685478	0	0	0	0	0	3
124	280	0	0.91747348	293.472559	293.453634	293.42835	293.472559	0.0442091214	0	0	0	0	0	3
125	282	0	0.92487246	293.473332	293.454296	293.433419	293.473332	0.0399128312	0	0	0	0	0	3
126	284	0	0.93227144	293.473941	293.454892	293.437566	293.473941	0.0363751175	0	0	0	0	0	3
127	286	0	0.93967042	293.47462	293.455437	293.441084	293.47462	0.0335358539	0	0	0	0	0	3
128	288	0	0.947069399	293.47509	293.455937	293.443813	293.47509	0.0312770378	0	0	0	0	0	3
129	290	0	0.954468379	293.475633	293.456405	293.44578	293.475633	0.0298530418	0	0	0	0	0	3
130	292	0	0.961867359	293.476035	293.45685	293.446246	293.476035	0.0297890735	0	0	0	0	0	3
131	295	0	0.969266338	293.476515	293.45728	293.446246	293.476515	0.0302685511	0	0	0	0	0	3
132	296	0	0.976665318	293.476871	293.457705	293.446246	293.476871	0.0306244919	0	0	0	0	0	3
133	298	0	0.984064298	293.477306	293.458128	293.446246	293.477306	0.0310597686	0	0	0	0	0	3
134	301	0	0.991463277	293.477683	293.458556	293.446246	293.477683	0.0314364385	0	0	0	0	0	3
135	303	0	0.998862257	293.478153	293.458994	293.446246	293.478153	0.0319067123	0	0	0	0	0	3
136	304	0	1.00626124	293.478542	293.459445	293.446246	293.478542	0.0322958692	0.00806086983	0	0	0	0	3
137	307	0	1.01366022	293.479042	293.459907	293.446246	293.479042	0.0327960882	0.00806086983	0	0	0	0	3
138	309	0	1.0210592	293.479479	293.460383	293.446246	293.479479	0.0332330937	0.00806086983	0	0	0	0	3
139	311	0	1.02845818	293.479941	293.460872	293.446246	293.479941	0.0336948951	0.00806086983	0	0	0	0	3
140	314	0	1.03585716	293.480321	293.46137	293.446246	293.480321	0.0340748323	0.00806086983	0	0	0	0	3
141	316	0	1.04325614	293.480801	293.461877	293.446246	293.480801	0.0345549258	0.00806086983	0	0	0	0	3
142	318	0	1.05065511	293.481174	293.462391	293.446412	293.481174	0.0347612005	0.00806086983	0	0	0	0	3
143	321	0	1.05805409	293.481639	293.462909	293.446507	293.481639	0.0351319309	0.00806086983	0	0	0	0	3
144	323	0	1.06545307	293.482007	293.463431	293.446759	293.482007	0.0352483388	0.00806086983	0	0	0	0	3
145	325	0	1.07285205	293.482433	293.463955	293.446995	293.482433	0.0354379737	0.00806086983	0	0	0	0	3
146	327	0	1.08025103	293.482755	293.464481	293.447381	293.482755	0.0353738863	0.00806086983	0	0	0	0	3
147	329	0	1.08765001	293.483204	293.465008	293.447633	293.483204	0.0355713174	0.00806086983	0	0	0	0	3
148	331	0	1.09504899	293.48355	293.465536	293.447964	293.48355	0.0355863357	0.00806086983	0	0	0	0	3
149	334	0	1.10244797	293.483919	293.466065	293.448089	293.483919	0.0358296132	0.00806086983	0	0	0	0	3
150	336	0	1.10984695	293.484115	293.466595	293.448322	293.484115	0.035793461	0.00806086983	0	0	0	0	3
151	338	0	1.11724593	293.48442	293.467126	293.448399	293.48442	0.0360203276	0.00806086983	0	0	0	0	3
152	341	0	1.12464491	293.484608	293.467658	293.448519	293.484608	0.0360891188	0.00806086983	0	0	0	0	3
153	343	0	1.13204389	293.484838	293.468192	293.448611	293.484838	0.0362268727	0.00806086983	0	0	0	0	3
154	345	0	1.13944287	293.484986	293.468727	293.448857	293.484986	0.0361289116	0.00806086983	0	0	0	0	3
155	347	0	1.14684185	293.485236	293.469262	293.449005	293.485236	0.0362313961	0.00806086983	0	0	0	0	3
156	349	0	1.15424083	293.48536	293.469797	293.449315	293.48536	0.0360458405	0.00806086983	0	0	0	0	3
157	351	0	1.16163981	293.485594	293.47033	293.44959	293.485594	0.0360039725	0.00806086983	0	0	0	0	3
158	353	0	1.16903879	293.485779	293.470863	293.450038	293.485779	0.0357403811	0.00806086983	0	0	0	0	3
159	355	0	1.17643777	293.486127	293.471393	293.450434	293.486127	0.0356936126	0.00806086983	0	0	0	0	3
160	357	0	1.18383675	293.486362	293.471922	293.451045	293.486362	0.0353165218	0.00806086983	0	0	0	0	3
161	359	0	1.19123573	293.486646	293.472445	293.451577	293.486646	0.0350690667	0.00806086983	0	0	0	0	3
162	361	0	1.19863471	293.486791	293.472963	293.452278	293.486791	0.0345125996	0.00806086983	0	0	0	0	3
163	363	0	1.20603369	293.487038	293.473474	293.452899	293.487038	0.0341390432	0.00806086983	0	0	0	0	3
164	364	0	1.21343267	293.487183	293.473978	293.453702	293.487183	0.0334809727	0.00806086983	0	0	0	0	3
165	366	0	1.22083165	293.487424	293.474474	293.454416	293.487424	0.0330079693	0.00806086983	0	0	0	0	3
166	368	0	1.22823063	293.487593	293.474962	293.455251	293.487593	0.0323421032	0.00806086983	0	0	0	0	3
167	370	0	1.23562961	293.487874	293.475442	293.455947	293.487874	0.0319266879	0.00806086983	0	0	0	0	3
168	372	0	1.24302859	293.488086	293.475915	293.456758	293.488086	0.0313276275	0.00806086983	0	0	0	0	3
169	374	0	1.25042757	293.488384	293.47638	293.457434	293.488384	0.0309495374	0.00806086983	0	0	0	0	3
170	376	0	1.25782655	293.488628	293.476838	293.458182	293.488628	0.0304458415	0.00806086983	0	0	0	0	3
171	378	0	1.26522553	293.489009	293.477292	293.458838	293.489009	0.030170605	0.00806086983	0	0	0	0	3
172	380	0	1.27262451	293.489258	293.477739	293.459613	293.489258	0.0296451407	0.00806086983	0	0	0	0	3
173	382	0	1.28002348	293.489541	293.478179	293.460266	293.489541	0.0292752307	0.00806086983	0	0	0	0	3
174	384	0	1.28742246	293.4897	293.478612	293.461069	293.4897	0.0286311186	0.00806086983	0	0	0	0	3
175	386	0	1.29482144	293.489929	293.479036	293.461737	293.489929	0.0281921311	0.00806086983	0	0	0	0	3
176	388	0	1.30222042	293.489967	293.479452	293.462542	293.489967	0.0274250406	0.00806086983	0	0	0	0	3
177	391	0	1.3096194	293.489993	293.479855	293.4632	293.489993	0.026792599	0.00806086983	0	0	0	0	3
178	393	0	1.31701838	293.489858	293.480247	293.463953	293.489993	0.0260394377	0.00806086983	0	0	0	0	3
179	395	0	1.32441736	293.489792	293.480627	293.464543	293.489993	0.0254502592	0.00806086983	0	0	0	0	3
180	397	0	1.33181634	293.489591	293.480996	293.465211	293.489993	0.0247821323	0.00806086983	0	0	0	0	3
181	399	0	1.33921532	293.489456	293.481352	293.465725	293.489993	0.024267678	0.00806086983	0	0	0	0	3
182	401	0	1.3466143	293.489207	293.481698	293.466393	293.489993	0.0235995187	0.00806086983	0	0	0	0	3
183	403	0	1.35401328	293.489084	293.482031	293.466883	293.489993	0.0231092916	0.00806086983	0	0	0	0	3
184	405	0	1.36141226	293.488874	293.482355	293.467569	293.489993	0.0224239081	0.00806086983	0	0	0	0	3
185	407	0	1.36881124	293.488802	293.482667	293.468141	293.489993	0.0218513608	0.00806086983	0	0	0	0	3
186	409	0	1.37621022	293.488594	293.482968	293.468846	293.489993	0.0211464999	0.00806086983	0	0	0	0	3
187	411	0	1.3836092	293.488525	293.483257	293.469479	293.489993	0.0205142101	0.00806086983	0	0	0	0	3
188	413	0	1.39100818	293.488366	293.483535	293.470289	293.489993	0.0197034733	0.00806086983	0	0	0	0	3
189	415	0	1.39840716	293.488253	293.483799	293.471043	293.489993	0.0189502298	0.00806086983	0	0	0	0	3
190	417	0	1.40580614	293.488018	293.484049	293.471868	293.489993	0.0181247252	0.00806086983	0	0	0	0	3
