Iteration	CPUTime	PhysTime	Travels	Value	AvValue	MinValue	MaxValue	Delta	Criteria	PrevAvRefValue	Progress	CriteriaType	CriteriaVarType	CriteriaPercentage
1	6	0	0.00866235644	0.785908988	0.785908988	0.785908988	0.785908988	0	0	0	0	0	0	3
2	7	0	0.0173247129	1.06032091	0.92311495	0.785908988	1.06032091	0.137205962	0	0	0	0	0	3
3	8	0	0.0259870693	1.290692	1.04564063	0.785908988	1.290692	0.259731645	0	0	0	0	0	3
4	9	0	0.0346494258	1.38546725	1.13059729	0.785908988	1.38546725	0.3446883	0	0	0	0	0	3
5	10	0	0.0433117822	1.39453384	1.1833846	0.785908988	1.39453384	0.39747561	0	0	0	0	0	3
6	11	0	0.0519741386	1.2931669	1.20168165	0.785908988	1.39453384	0.41577266	0	0	0	0	0	3
7	12	0	0.0606364951	1.14336046	1.19335005	0.785908988	1.39453384	0.41577266	0	0	0	0	0	3
8	13	0	0.0692988515	1.01348622	1.17086707	0.785908988	1.39453384	0.41577266	0	0	0	0	0	3
9	14	0	0.077961208	0.922333229	1.1432522	0.785908988	1.39453384	0.41577266	0	0	0	0	0	3
10	15	0	0.0866235644	0.851363041	1.11406328	0.785908988	1.39453384	0.41577266	0	0	0	0	0	3
11	16	0	0.0952859208	0.787453496	1.08437149	0.785908988	1.39453384	0.41577266	0	0	0	0	0	3
12	17	0	0.103948277	0.744108766	1.05601626	0.744108766	1.39453384	0.41577266	0	0	0	0	0	3
13	18	0	0.112610634	0.72638218	1.03065979	0.72638218	1.39453384	0.41577266	0	0	0	0	0	3
14	19	0	0.12127299	0.72000198	1.00846995	0.72000198	1.39453384	0.41577266	0	0	0	0	0	3
15	20	0	0.129935347	0.720741522	0.989288052	0.72000198	1.39453384	0.41577266	0	0	0	0	0	3
16	21	0	0.138597703	0.707576726	0.971681094	0.707576726	1.39453384	0.41577266	0	0	0	0	0	3
17	23	0	0.147260059	0.700770627	0.955745185	0.700770627	1.39453384	0.41577266	0	0	0	0	0	3
18	24	0	0.155922416	0.699157676	0.941490323	0.699157676	1.39453384	0.41577266	0	0	0	0	0	3
19	25	0	0.164584772	0.695198341	0.928527587	0.695198341	1.39453384	0.41577266	0	0	0	0	0	3
20	26	0	0.173247129	0.706215057	0.917411961	0.695198341	1.39453384	0.41577266	0	0	0	0	0	3
21	27	0	0.181909485	0.710501502	0.907559082	0.695198341	1.39453384	0.41577266	0	0	0	0	0	3
22	28	0	0.190571842	0.725736909	0.899294437	0.695198341	1.39453384	0.41577266	0	0	0	0	0	3
23	29	0	0.199234198	0.741066467	0.89241496	0.695198341	1.39453384	0.41577266	0	0	0	0	0	3
24	30	0	0.207896555	0.758490887	0.886834791	0.695198341	1.39453384	0.41577266	0	0	0	0	0	3
25	31	0	0.216558911	0.759154858	0.881727593	0.695198341	1.39453384	0.41577266	0	0	0	0	0	3
26	33	0	0.225221267	0.750411827	0.876676987	0.695198341	1.39453384	0.41577266	0	0	0	0	0	3
27	34	0	0.233883624	0.743764754	0.871754312	0.695198341	1.39453384	0.41577266	0	0	0	0	0	3
28	35	0	0.24254598	0.724339208	0.866489487	0.695198341	1.39453384	0.41577266	0	0	0	0	0	3
29	36	0	0.251208337	0.705192231	0.860927512	0.695198341	1.39453384	0.41577266	0	0	0	0	0	3
30	37	0	0.259870693	0.686867304	0.855125505	0.686867304	1.39453384	0.41577266	0	0	0	0	0	3
31	38	0	0.26853305	0.669805694	0.849147447	0.669805694	1.39453384	0.41577266	0	0	0	0	0	3
32	40	0	0.277195406	0.650779423	0.842948446	0.650779423	1.39453384	0.41577266	0	0	0	0	0	3
33	41	0	0.285857762	0.634667171	0.836636892	0.634667171	1.39453384	0.41577266	0	0	0	0	0	3
34	42	0	0.294520119	0.61904363	0.83023709	0.61904363	1.39453384	0.41577266	0	0	0	0	0	3
35	43	0	0.303182475	0.606110237	0.823833466	0.606110237	1.39453384	0.41577266	0	0	0	0	0	3
36	44	0	0.311844832	0.592634375	0.817411269	0.592634375	1.39453384	0.41577266	0	0	0	0	0	3
37	45	0	0.320507188	0.580115753	0.810997877	0.580115753	1.39453384	0.41577266	0	0	0	0	0	3
38	47	0	0.329169545	0.567695464	0.804595182	0.567695464	1.39453384	0.41577266	0	0	0	0	0	3
39	48	0	0.337831901	0.555768976	0.798215023	0.555768976	1.39453384	0.41577266	0	0	0	0	0	3
40	49	0	0.346494258	0.545562347	0.791898706	0.545562347	1.39453384	0.41577266	0	0	0	0	0	3
41	50	0	0.355156614	0.53620835	0.785662356	0.53620835	1.39453384	0.416019292	0	0	0	0	0	3
42	51	0	0.36381897	0.52565271	0.77947165	0.52565271	1.39453384	0.422209998	0	0	0	0	0	3
43	53	0	0.372481327	0.517317281	0.773375036	0.517317281	1.39453384	0.428306611	0	0	0	0	0	3
44	54	0	0.381143683	0.509876685	0.767386438	0.509876685	1.39453384	0.43429521	0	0	0	0	0	3
45	55	0	0.38980604	0.505104	0.761557939	0.505104	1.39453384	0.440123709	0	0	0	0	0	3
46	56	0	0.398468396	0.501890317	0.755912991	0.501890317	1.39453384	0.445768657	0	0	0	0	0	3
47	58	0	0.407130753	0.499127237	0.750449464	0.499127237	1.39453384	0.451232184	0	0	0	0	0	3
48	59	0	0.415793109	0.496614057	0.745161226	0.496614057	1.39453384	0.456520421	0	0	0	0	0	3
49	60	0	0.424455466	0.495857204	0.740073389	0.495857204	1.39453384	0.461608258	0	0	0	0	0	3
50	61	0	0.433117822	0.493262304	0.735137167	0.493262304	1.39453384	0.46654448	0	0	0	0	0	3
51	63	0	0.441780178	0.492522291	0.730380013	0.492522291	1.39453384	0.471301635	0	0	0	0	0	3
52	64	0	0.450442535	0.490638601	0.725769601	0.490638601	1.39453384	0.475912046	0	0	0	0	0	3
53	65	0	0.459104891	0.489630593	0.721314148	0.489630593	1.39453384	0.480367499	0	0	0	0	0	3
54	66	0	0.467767248	0.489157565	0.717014952	0.489157565	1.39453384	0.484666695	0	0	0	0	0	3
55	67	0	0.476429604	0.48781207	0.712847627	0.48781207	1.39453384	0.488834021	0	0	0	0	0	3
56	69	0	0.485091961	0.487093036	0.708816295	0.487093036	1.39453384	0.492865352	0	0	0	0	0	3
57	70	0	0.493754317	0.486410082	0.704914432	0.486410082	1.39453384	0.496767216	0	0	0	0	0	3
58	71	0	0.502416673	0.486126657	0.701142229	0.486126657	1.39453384	0.500539419	0	0	0	0	0	3
59	72	0	0.51107903	0.486001572	0.695971411	0.486001572	1.39453384	0.505710236	0	0	0	0	0	3
60	73	0	0.519741386	0.486279106	0.686074139	0.486001572	1.39453384	0.515607509	0	0	0	0	0	3
61	74	0	0.528403743	0.486269533	0.672204786	0.486001572	1.39453384	0.529476862	0	0	0	0	0	3
62	76	0	0.537066099	0.486459764	0.656704657	0.486001572	1.39453384	0.544976991	0	0	0	0	0	3
63	77	0	0.545728456	0.486847634	0.641054895	0.486001572	1.2931669	0.560626753	0	0	0	0	0	3
64	78	0	0.554390812	0.48697055	0.627154958	0.486001572	1.14336046	0.566195092	0	0	0	0	0	3
65	79	0	0.563053169	0.486931593	0.615837218	0.486001572	1.01348622	0.52748465	0	0	0	0	0	3
66	80	0	0.571715525	0.486864557	0.606757535	0.486001572	0.922333229	0.436331657	0	0	0	0	0	3
67	81	0	0.580377881	0.486380545	0.599241109	0.486001572	0.851363041	0.365361469	0	0	0	0	0	3
68	83	0	0.589040238	0.485883269	0.592939734	0.485883269	0.787453496	0.301570226	0	0	0	0	0	3
69	84	0	0.597702594	0.485948854	0.587741378	0.485883269	0.759154858	0.273271588	0	0	0	0	0	3
70	85	0	0.606364951	0.485017337	0.583274284	0.485017337	0.759154858	0.274137521	0	0	0	0	0	3
71	86	0	0.615027307	0.484606988	0.579105746	0.484606988	0.759154858	0.27454787	0	0	0	0	0	3
72	87	0	0.623689664	0.484558642	0.575046378	0.484558642	0.759154858	0.274596216	0	0	0	0	0	3
73	88	0	0.63235202	0.483517207	0.570956304	0.483517207	0.759154858	0.27563765	0	0	0	0	0	3
74	89	0	0.641014377	0.483122193	0.567086398	0.483122193	0.759154858	0.276032665	0	0	0	0	0	3
75	91	0	0.649676733	0.483340501	0.563337603	0.483122193	0.759154858	0.276032665	0	0	0	0	0	3
76	92	0	0.658339089	0.48235496	0.559599625	0.48235496	0.759154858	0.276799898	0	0	0	0	0	3
77	93	0	0.667001446	0.482118677	0.555925838	0.482118677	0.759154858	0.27703618	0	0	0	0	0	3
78	94	0	0.675663802	0.482406112	0.552067063	0.482118677	0.759154858	0.27703618	0	0	0	0	0	3
79	95	0	0.684326159	0.482058859	0.548128397	0.482058859	0.759154858	0.277095999	0	0	0	0	0	3
80	96	0	0.692988515	0.481964966	0.543925432	0.481964966	0.759154858	0.277189891	0	0	0	0	0	3
81	97	0	0.701650872	0.482121608	0.539460866	0.481964966	0.759154858	0.277189891	0	0	0	0	0	3
82	98	0	0.710313228	0.481940744	0.53469276	0.481940744	0.759154858	0.277214113	0	0	0	0	0	3
83	99	0	0.718975584	0.481903357	0.529912561	0.481903357	0.750411827	0.26850847	0	0	0	0	0	3
84	101	0	0.727637941	0.482204982	0.525288305	0.481903357	0.743764754	0.261861397	0	0	0	0	0	3
85	102	0	0.736300297	0.481604978	0.520768309	0.481604978	0.724339208	0.24273423	0	0	0	0	0	3
86	103	0	0.744962654	0.481730167	0.516585395	0.481604978	0.705192231	0.223587253	0	0	0	0	0	3
87	104	0	0.75362501	0.481809565	0.51273397	0.481604978	0.686867304	0.205262326	0	0	0	0	0	3
88	105	0	0.762287367	0.481493332	0.509193039	0.481493332	0.669805694	0.188312362	0	0	0	0	0	3
89	106	0	0.770949723	0.481610001	0.505948286	0.481493332	0.650779423	0.169286091	0	0	0	0	0	3
90	107	0	0.77961208	0.481293199	0.503026109	0.481293199	0.634667171	0.153373971	0	0	0	0	0	3
91	108	0	0.788274436	0.481327139	0.500382316	0.481293199	0.61904363	0.137750431	0	0	0	0	0	3
92	110	0	0.796936792	0.481298389	0.498007398	0.481293199	0.606110237	0.124817037	0	0	0	0	0	3
93	111	0	0.805599149	0.48094427	0.495849364	0.48094427	0.592634375	0.111690105	0	0	0	0	0	3
94	112	0	0.814261505	0.480873394	0.49392245	0.480873394	0.580115753	0.0992423585	0	0	0	0	0	3
95	113	0	0.822923862	0.480747452	0.492209204	0.480747452	0.567695464	0.0869480123	0	0	0	0	0	3
96	114	0	0.831586218	0.480351306	0.49070327	0.480351306	0.555768976	0.0754176705	0	0	0	0	0	3
97	115	0	0.840248575	0.480375894	0.489403389	0.480351306	0.545562347	0.0652110416	0	0	0	0	0	3
98	116	0	0.848910931	0.480094092	0.488274626	0.480094092	0.53620835	0.056114258	0	0	0	0	0	3
99	117	0	0.857573287	0.480011884	0.487305722	0.480011884	0.52565271	0.0456408253	0	0	0	0	0	3
100	119	0	0.866235644	0.480209353	0.486522216	0.480011884	0.517317281	0.0373053963	0	0	0	0	0	3
101	122	0	0.874898	0.479798327	0.485875337	0.479798327	0.509876685	0.0300783577	0	0	0	0	0	3
102	123	0	0.883560357	0.479884215	0.485358225	0.479798327	0.505104	0.0253056729	0	0	0	0	0	3
103	124	0	0.892222713	0.480178296	0.484928472	0.479798327	0.501890317	0.0220919896	0	0	0	0	0	3
104	125	0	0.90088507	0.479774348	0.484547162	0.479774348	0.499127237	0.0193528883	0	0	0	0	0	3
105	126	0	0.909547426	0.479903023	0.48421571	0.479774348	0.496614057	0.0168397084	0	0	0	0	0	3
106	127	0	0.918209783	0.479984751	0.483928998	0.479774348	0.495857204	0.0160828554	0	0	0	0	0	3
107	129	0	0.926872139	0.47982038	0.483652501	0.479774348	0.493262304	0.0134879553	0	0	0	0	0	3
108	130	0	0.935534495	0.479991129	0.483423688	0.479774348	0.492522291	0.012747943	0	0	0	0	0	3
109	131	0	0.944196852	0.479773167	0.483203875	0.479773167	0.490638601	0.0108654339	0	0	0	0	0	3
110	132	0	0.952859208	0.479907334	0.483018853	0.479773167	0.489630593	0.00985742632	0	0	0	0	0	3
111	133	0	0.961521565	0.479959386	0.482852108	0.479773167	0.489157565	0.00938439794	0	0	0	0	0	3
112	134	0	0.970183921	0.479833274	0.482691345	0.479773167	0.48781207	0.00803890322	0	0	0	0	0	3
113	136	0	0.978846278	0.480127728	0.482558856	0.479773167	0.487093036	0.00731986945	0	0	0	0	0	3
114	137	0	0.987508634	0.479883483	0.482434554	0.479773167	0.48697055	0.00719738285	0	0	0	0	0	3
115	138	0	0.996170991	0.479856265	0.482321557	0.479773167	0.48697055	0.00719738285	0	0	0	0	0	3
116	139	0	1.00483335	0.479963071	0.482215288	0.479773167	0.48697055	0.00719738285	0.0274428201	0	100	0	0	3
117	140	0	1.0134957	0.479665921	0.482106053	0.479665921	0.48697055	0.00730462895	0.0274460375	0	100	0	0	3
118	141	0	1.02215806	0.47963016	0.481991416	0.47963016	0.48697055	0.00734038931	0.0274465739	0	100	0	0	3
119	142	0	1.03082042	0.479997899	0.481883284	0.47963016	0.48697055	0.00734038931	0.0274467527	0	100	0	0	3
120	143	0	1.03948277	0.479597287	0.481764965	0.479597287	0.48697055	0.00737326307	0.0274470886	0	100	0	0	3
121	145	0	1.04814513	0.479671683	0.481641242	0.479597287	0.48697055	0.00737326307	0.0274428201	0	100	0	0	3
122	146	0	1.05680749	0.479724026	0.481516302	0.479597287	0.486931593	0.00733430625	0.0274428201	0	100	0	0	3
123	147	0	1.06546984	0.479269066	0.48138419	0.479269066	0.486864557	0.00759549093	0.0274428201	0	100	0	0	3
124	148	0	1.0741322	0.479183079	0.48125175	0.479183079	0.486380545	0.00719746571	0.0274428201	0	100	0	0	3
125	149	0	1.08279455	0.479489684	0.481132942	0.479183079	0.485948854	0.00676577457	0.0274428201	0	100	0	0	3
126	150	0	1.09145691	0.479023818	0.481014676	0.479023818	0.485948854	0.00692503607	0.0274428201	0	100	0	0	3
127	151	0	1.10011927	0.479106924	0.480896712	0.479023818	0.485017337	0.00599351891	0.0274428201	0	100	0	0	3
128	152	0	1.10878162	0.479229801	0.480796927	0.479023818	0.484606988	0.00558317002	0.0274428201	0	100	0	0	3
129	153	0	1.11744398	0.478911997	0.480698737	0.478911997	0.484558642	0.00564664494	0.0274428201	0	100	0	0	3
130	155	0	1.12610634	0.478912563	0.480601391	0.478911997	0.483517207	0.00460521042	0.0274428201	0	100	0	0	3
131	156	0	1.13476869	0.479230593	0.480527484	0.478911997	0.483340501	0.00442850391	0.0274428201	0	100	0	0	3
132	157	0	1.14343105	0.478880675	0.480454354	0.478880675	0.483340501	0.0044598255	0.0274428201	0	100	0	0	3
133	158	0	1.15209341	0.478976478	0.480379112	0.478880675	0.482406112	0.00352543618	0.0274428201	0	100	0	0	3
134	159	0	1.16075576	0.479143722	0.480323746	0.478880675	0.482406112	0.00352543618	0.0274428201	0	100	0	0	3
135	160	0	1.16941812	0.478799624	0.480266521	0.478799624	0.482406112	0.00360648773	0.0274428201	0	100	0	0	3
136	161	0	1.17808048	0.478797364	0.480204301	0.478797364	0.482204982	0.00340761826	0.0274428201	0	100	0	0	3
137	162	0	1.18674283	0.479082265	0.480152981	0.478797364	0.482204982	0.00340761826	0.0274428201	0	100	0	0	3
138	163	0	1.19540519	0.478677676	0.480096303	0.478677676	0.482204982	0.00352730613	0.0274428201	0	100	0	0	3
139	164	0	1.20406755	0.478785141	0.480038778	0.478677676	0.482204982	0.00352730613	0.0274428201	0	100	0	0	3
140	166	0	1.2127299	0.478984654	0.479987811	0.478677676	0.482204982	0.00352730613	0.0274428201	0	100	0	0	3
141	167	0	1.22139226	0.478636806	0.479931491	0.478636806	0.482204982	0.00356817627	0.0274428201	0	100	0	0	3
142	168	0	1.23005461	0.478634536	0.479869932	0.478634536	0.481809565	0.00317502846	0.0274428201	0	100	0	0	3
143	169	0	1.23871697	0.479013868	0.479825257	0.478634536	0.481809565	0.00317502846	0.0274428201	0	100	0	0	3
144	170	0	1.24737933	0.478704994	0.479773099	0.478634536	0.481809565	0.00317502846	0.0274428201	0	100	0	0	3
145	171	0	1.25604168	0.478943908	0.479723691	0.478634536	0.481610001	0.00297546443	0.0274428201	0	100	0	0	3
146	172	0	1.26470404	0.478958425	0.479679986	0.478634536	0.481610001	0.00297546443	0.0274428201	0	100	0	0	3
147	173	0	1.2733664	0.478825287	0.479631974	0.478634536	0.481327139	0.00269260274	0.0274428201	0	100	0	0	3
148	174	0	1.28202875	0.478734231	0.479587854	0.478634536	0.481327139	0.00269260274	0.0274428201	0	100	0	0	3
149	175	0	1.29069111	0.478982795	0.479547434	0.478634536	0.481298389	0.00266385232	0.0274428201	0	100	0	0	3
150	177	0	1.29935347	0.47883647	0.479504987	0.478634536	0.48094427	0.00230973344	0.0274428201	0	100	0	0	3
151	178	0	1.30801582	0.478819277	0.479468349	0.478634536	0.480873394	0.00223885803	0.0274428201	0	100	0	0	3
152	179	0	1.31667818	0.478975402	0.479435625	0.478634536	0.480747452	0.00211291558	0.0274428201	0	100	0	0	3
153	180	0	1.32534054	0.478652606	0.479399507	0.478634536	0.480375894	0.00174135762	0.0274428201	0	100	0	0	3
154	181	0	1.33400289	0.478643785	0.479370067	0.478634536	0.480375894	0.00174135762	0.0274428201	0	100	0	0	3
155	182	0	1.34266525	0.478986694	0.479346115	0.478634536	0.480209353	0.00157481674	0.0274428201	0	100	0	0	3
156	183	0	1.3513276	0.478697553	0.479322037	0.478634536	0.480209353	0.00157481674	0.0274428201	0	100	0	0	3
157	184	0	1.35998996	0.478724755	0.479299845	0.478634536	0.480209353	0.00157481674	0.0274428201	0	100	0	0	3
158	185	0	1.36865232	0.478945878	0.479278061	0.478634536	0.480178296	0.00154376021	0.0274428201	0	100	0	0	3
